{
  "nbformat": 4,
  "nbformat_minor": 0,
  "metadata": {
    "colab": {
      "provenance": []
    },
    "kernelspec": {
      "name": "python3",
      "display_name": "Python 3"
    },
    "language_info": {
      "name": "python"
    }
  },
  "cells": [
    {
      "cell_type": "code",
      "execution_count": null,
      "metadata": {
        "id": "vrTDHG0HHqzM"
      },
      "outputs": [],
      "source": [
        "import numpy as np"
      ]
    },
    {
      "cell_type": "code",
      "source": [
        "def linear_probability(content_vector, remaining_array, user_array):\n",
        "  #this returns a 1x num_users vector representing the probability for each user to select this content\n",
        "  product = user_array@np.vstack((remaining_array,content_vector)).T\n",
        "  return (product/product.sum(axis=1)[:,None])[:,-1]"
      ],
      "metadata": {
        "id": "4Dlq-KxxOcvB"
      },
      "execution_count": null,
      "outputs": []
    },
    {
      "cell_type": "code",
      "source": [
        "def exponential_probability(content_vector, remaining_array, user_array):\n",
        "    exp = np.exp(user_array@content_vector)[:, None]\n",
        "    #this returns a 1x num_users vector representing the probability for each user to select this content\n",
        "    rem = user_array @ remaining_array.T\n",
        "\n",
        "    return (exp/(exp + np.exp(rem.sum(axis=1)[:,None]))).flatten()"
      ],
      "metadata": {
        "id": "BWoc6mgdRrn2"
      },
      "execution_count": null,
      "outputs": []
    },
    {
      "cell_type": "code",
      "source": [
        "def engagement_utility(content_vector, remaining_array, user_array, probability_function=linear_probability):\n",
        "  #Args:\n",
        "  # Content - The index of the vector representing the content in the producer_array\n",
        "  # producer_array - a num_prodcuers x d array representing each contetn produced in the system\n",
        "  # users_array - an num_users x d array represetning all_users and their preferences\n",
        "  # probability - a function that maps the content and producer_arrary to probability for a piece of content being shown to each user ( 1x num_users vector)\n",
        "\n",
        "  #get probabilty for each user\n",
        "  probs = probability_function(content_vector, remaining_array, user_array)\n",
        "  #get value for each user\n",
        "  prods = user_array @ content_vector\n",
        "  #since we define all users, we can just take an average\n",
        "  #TODO: make a version of this for a distribution of users\n",
        "  return sum(probs*prods)/num_users\n"
      ],
      "metadata": {
        "id": "J0UxnEWdK-Nw"
      },
      "execution_count": null,
      "outputs": []
    },
    {
      "cell_type": "code",
      "source": [
        "def is_best_response(content_vector, remaining_array, user_array):\n",
        "  #determines if a given content vector is the best response to the other contents given the user array\n",
        "  #True if the vector is a best response\n",
        "  #TODO: this is probably dumb and there is a better way of doing it\n",
        "  max_util = -1\n",
        "  best_row = None\n",
        "  for row in np.eye(user_dimension):\n",
        "    util = engagement_utility(row, remaining_array, user_array)\n",
        "    if util> max_util:\n",
        "      best_row = row\n",
        "      max_util = util\n",
        "  return all(best_row == content_vector)"
      ],
      "metadata": {
        "id": "j-On6rLmQeHM"
      },
      "execution_count": null,
      "outputs": []
    },
    {
      "cell_type": "code",
      "source": [
        "def eval_position(producer_array, user_array):\n",
        "  #returns True if all content vectors are the best response to one another given the user array\n",
        "  for i, content in enumerate(producer_array):\n",
        "    if not is_best_response(content, np.delete(producer_array, i, 0), user_array):\n",
        "      return False\n",
        "  return True"
      ],
      "metadata": {
        "id": "RHT_ApEW9Pg2"
      },
      "execution_count": null,
      "outputs": []
    },
    {
      "cell_type": "code",
      "source": [
        "def generate_uniform_user(dimension):\n",
        "  #unifrom sampling form the simplex\n",
        "  #reference : https://cs.stackexchange.com/questions/3227/uniform-sampling-from-a-simplex\n",
        "  return np.diff([0] + sorted(np.random.uniform(size=dimension-1)) + [1])"
      ],
      "metadata": {
        "id": "s6YW0Ve2C_cF"
      },
      "execution_count": null,
      "outputs": []
    },
    {
      "cell_type": "code",
      "source": [
        "#establishing user variables\n",
        "\n",
        "user_dimension = 4\n",
        "num_users = 250\n",
        "\n",
        "#each user is uniformly sampled from simplex\n",
        "user_array = np.array([generate_uniform_user(user_dimension) for i in range(num_users)])\n",
        "user_array"
      ],
      "metadata": {
        "colab": {
          "base_uri": "https://localhost:8080/"
        },
        "id": "05HS_0Zc9-rm",
        "outputId": "9f668628-edb6-4773-ed25-13072f4708bf"
      },
      "execution_count": null,
      "outputs": [
        {
          "output_type": "execute_result",
          "data": {
            "text/plain": [
              "array([[2.78520093e-01, 4.37233165e-01, 1.36797447e-01, 1.47449294e-01],\n",
              "       [2.74486114e-01, 6.10023321e-03, 3.20636533e-01, 3.98777120e-01],\n",
              "       [7.06913213e-02, 2.84399873e-01, 5.08297533e-01, 1.36611273e-01],\n",
              "       [2.99102441e-03, 7.81068425e-02, 3.21639645e-01, 5.97262488e-01],\n",
              "       [8.44599255e-02, 8.10816682e-02, 6.51022873e-01, 1.83435533e-01],\n",
              "       [2.33981932e-01, 3.82626889e-01, 2.50264910e-01, 1.33126270e-01],\n",
              "       [2.38179182e-01, 1.39129902e-01, 8.24720520e-02, 5.40218864e-01],\n",
              "       [2.03944966e-01, 1.38636093e-01, 7.48471422e-02, 5.82571799e-01],\n",
              "       [3.45659981e-01, 1.97137883e-01, 2.37897560e-01, 2.19304576e-01],\n",
              "       [1.58839389e-01, 1.20134492e-01, 6.51548708e-01, 6.94774109e-02],\n",
              "       [5.78851233e-01, 8.29525205e-02, 7.10482302e-02, 2.67148016e-01],\n",
              "       [1.25631173e-01, 3.12871654e-01, 1.07151117e-01, 4.54346056e-01],\n",
              "       [2.29644001e-01, 4.93196173e-01, 2.38497159e-01, 3.86626676e-02],\n",
              "       [7.76646662e-01, 9.19104368e-02, 7.41558818e-02, 5.72870194e-02],\n",
              "       [2.24297137e-01, 2.38449545e-02, 2.05917272e-01, 5.45940637e-01],\n",
              "       [9.21700145e-02, 2.29621207e-01, 4.78179593e-01, 2.00029185e-01],\n",
              "       [1.66863692e-01, 3.95262117e-01, 1.13872179e-01, 3.24002013e-01],\n",
              "       [6.00517829e-01, 5.72196961e-02, 5.99623053e-02, 2.82300170e-01],\n",
              "       [4.81239317e-02, 1.92482431e-01, 3.33822974e-01, 4.25570664e-01],\n",
              "       [1.18927561e-01, 1.94994589e-01, 3.44096949e-01, 3.41980902e-01],\n",
              "       [4.93023120e-01, 4.22737899e-02, 8.74687953e-02, 3.77234295e-01],\n",
              "       [2.69453302e-01, 1.78625410e-01, 2.90197329e-01, 2.61723959e-01],\n",
              "       [1.41726391e-01, 1.41797403e-01, 6.31494767e-01, 8.49814392e-02],\n",
              "       [1.45010794e-01, 5.05998162e-01, 3.27036893e-01, 2.19541506e-02],\n",
              "       [2.21775793e-01, 1.65602522e-02, 6.56219620e-01, 1.05444335e-01],\n",
              "       [2.39209960e-01, 1.90679701e-01, 5.51502028e-02, 5.14960136e-01],\n",
              "       [3.46276829e-01, 3.85975895e-01, 4.39285910e-02, 2.23818684e-01],\n",
              "       [3.98614465e-01, 2.25519735e-01, 2.57398607e-01, 1.18467193e-01],\n",
              "       [3.68792636e-01, 5.06722417e-01, 7.58523435e-02, 4.86326034e-02],\n",
              "       [7.86684096e-02, 1.33525698e-01, 5.23298595e-02, 7.35476033e-01],\n",
              "       [4.42566294e-02, 3.03271912e-01, 3.40201122e-01, 3.12270336e-01],\n",
              "       [4.80441579e-01, 5.17396582e-02, 6.28637956e-02, 4.04954967e-01],\n",
              "       [1.79757183e-01, 5.06284901e-02, 7.12694641e-01, 5.69196853e-02],\n",
              "       [9.79639504e-02, 3.19360347e-01, 5.66903542e-01, 1.57721604e-02],\n",
              "       [8.05109456e-02, 1.98747974e-01, 5.51393584e-01, 1.69347497e-01],\n",
              "       [4.38154094e-01, 4.94692567e-01, 6.46798801e-02, 2.47345909e-03],\n",
              "       [1.08335087e-01, 2.71390832e-01, 4.55384656e-01, 1.64889425e-01],\n",
              "       [4.32321273e-01, 2.73724217e-01, 6.55202403e-02, 2.28434270e-01],\n",
              "       [4.43745938e-01, 4.80645538e-01, 5.94321128e-03, 6.96653133e-02],\n",
              "       [3.82270103e-01, 2.39882858e-01, 3.66837936e-01, 1.10091038e-02],\n",
              "       [6.83108888e-01, 1.04181452e-02, 5.24628724e-02, 2.54010095e-01],\n",
              "       [1.78856350e-01, 5.07539210e-01, 2.63563845e-02, 2.87248055e-01],\n",
              "       [8.55382559e-01, 5.39744213e-03, 5.14065337e-02, 8.78134656e-02],\n",
              "       [6.66894229e-02, 1.91021322e-01, 6.79479897e-01, 6.28093575e-02],\n",
              "       [1.41710605e-01, 2.83614793e-01, 9.00434207e-02, 4.84631181e-01],\n",
              "       [2.67187452e-01, 1.76476899e-01, 3.80191802e-02, 5.18316469e-01],\n",
              "       [4.70451318e-02, 3.95312424e-02, 3.16282102e-01, 5.97141523e-01],\n",
              "       [6.76015256e-01, 6.17871362e-02, 4.76679234e-02, 2.14529684e-01],\n",
              "       [3.40155395e-01, 1.65596929e-01, 1.96820734e-01, 2.97426942e-01],\n",
              "       [3.65469528e-01, 1.83853078e-01, 1.54438686e-01, 2.96238708e-01],\n",
              "       [2.05443474e-02, 7.18695553e-01, 6.19671947e-02, 1.98792904e-01],\n",
              "       [1.81626128e-01, 1.34546913e-01, 1.82778780e-02, 6.65549082e-01],\n",
              "       [5.23391464e-01, 1.15240422e-01, 1.16919363e-01, 2.44448751e-01],\n",
              "       [4.66090918e-01, 3.61133583e-02, 1.47459495e-02, 4.83049774e-01],\n",
              "       [1.34726499e-01, 7.14751269e-02, 6.98479419e-01, 9.53189548e-02],\n",
              "       [6.50321901e-02, 1.71976719e-01, 7.33077990e-01, 2.99131008e-02],\n",
              "       [1.80376560e-01, 2.93925216e-01, 4.92000425e-02, 4.76498182e-01],\n",
              "       [1.41343627e-01, 1.55057497e-02, 7.57354414e-01, 8.57962089e-02],\n",
              "       [2.85740857e-01, 4.84281535e-01, 7.15268542e-02, 1.58450754e-01],\n",
              "       [6.86470397e-02, 1.52090964e-01, 6.52713786e-01, 1.26548210e-01],\n",
              "       [1.38077965e-01, 2.90062713e-01, 4.44626359e-01, 1.27232962e-01],\n",
              "       [1.78943684e-01, 1.90830979e-02, 4.23512426e-01, 3.78460792e-01],\n",
              "       [4.60130170e-02, 8.67618181e-01, 4.05857741e-03, 8.23102250e-02],\n",
              "       [7.15905492e-02, 4.38817569e-01, 2.78771151e-01, 2.10820731e-01],\n",
              "       [7.62383611e-01, 5.10506231e-02, 1.47830955e-01, 3.87348102e-02],\n",
              "       [4.13304844e-01, 4.49688663e-01, 3.17945044e-02, 1.05211989e-01],\n",
              "       [4.36994999e-01, 1.21874403e-01, 1.73858121e-01, 2.67272476e-01],\n",
              "       [3.29717752e-01, 3.39372652e-01, 1.53315259e-02, 3.15578070e-01],\n",
              "       [4.91613528e-02, 2.30079472e-01, 6.72043556e-01, 4.87156198e-02],\n",
              "       [8.08364890e-01, 4.10384291e-02, 4.70164692e-02, 1.03580212e-01],\n",
              "       [1.80131881e-01, 2.64747997e-01, 5.49838881e-01, 5.28124156e-03],\n",
              "       [6.20981034e-01, 3.17261659e-01, 3.65770383e-02, 2.51802687e-02],\n",
              "       [2.75829380e-01, 2.53961583e-01, 2.20865698e-01, 2.49343340e-01],\n",
              "       [8.69463704e-02, 8.19931723e-01, 2.33426201e-02, 6.97792866e-02],\n",
              "       [4.28891693e-01, 1.69104212e-01, 1.47391252e-01, 2.54612843e-01],\n",
              "       [1.94530804e-01, 4.17830560e-01, 1.37679563e-01, 2.49959073e-01],\n",
              "       [1.09299656e-01, 3.43737156e-01, 3.25374074e-01, 2.21589114e-01],\n",
              "       [9.01355901e-02, 3.96866336e-01, 9.76618128e-02, 4.15336261e-01],\n",
              "       [4.61497912e-02, 7.24988122e-01, 9.43557436e-02, 1.34506343e-01],\n",
              "       [6.25240459e-01, 4.09429824e-02, 3.21103866e-01, 1.27126934e-02],\n",
              "       [3.38254851e-01, 6.31209951e-02, 5.87058612e-01, 1.15655426e-02],\n",
              "       [1.10734948e-02, 1.46321098e-01, 6.05906777e-01, 2.36698630e-01],\n",
              "       [2.48749926e-01, 1.49605179e-01, 1.29738302e-01, 4.71906593e-01],\n",
              "       [4.14205726e-01, 1.12460413e-01, 1.61987941e-01, 3.11345921e-01],\n",
              "       [3.85841628e-01, 2.60782637e-01, 3.25731736e-01, 2.76439994e-02],\n",
              "       [2.02671420e-02, 6.25046124e-01, 3.16529164e-01, 3.81575706e-02],\n",
              "       [1.68472124e-01, 1.61376310e-01, 4.09874073e-01, 2.60277492e-01],\n",
              "       [2.12924141e-01, 2.13048515e-01, 1.15699066e-01, 4.58328279e-01],\n",
              "       [1.64376232e-01, 8.01227604e-02, 4.16327386e-01, 3.39173622e-01],\n",
              "       [6.83606254e-03, 7.10608891e-01, 1.67481946e-01, 1.15073100e-01],\n",
              "       [4.17399740e-02, 1.37430007e-01, 7.92234353e-01, 2.85956656e-02],\n",
              "       [1.65766143e-01, 4.02350339e-01, 7.26423244e-02, 3.59241194e-01],\n",
              "       [1.18292540e-01, 1.30487535e-01, 3.97170295e-01, 3.54049630e-01],\n",
              "       [8.56117609e-02, 3.43982352e-02, 2.07642042e-01, 6.72347962e-01],\n",
              "       [4.13380964e-02, 2.20307133e-01, 7.90179108e-03, 7.30452980e-01],\n",
              "       [1.37145232e-01, 1.75802708e-01, 1.56326076e-01, 5.30725984e-01],\n",
              "       [2.77443432e-01, 3.40860821e-01, 4.73878816e-02, 3.34307866e-01],\n",
              "       [3.46825881e-01, 3.88470960e-01, 1.46057542e-01, 1.18645617e-01],\n",
              "       [3.15281928e-01, 1.49741466e-01, 1.50171659e-01, 3.84804947e-01],\n",
              "       [2.86842955e-01, 3.10869145e-01, 3.28290105e-02, 3.69458890e-01],\n",
              "       [5.67270029e-02, 7.38151460e-01, 7.34907590e-02, 1.31630778e-01],\n",
              "       [6.27177116e-03, 9.56225439e-01, 2.63951054e-02, 1.11076848e-02],\n",
              "       [4.24328498e-01, 1.68072170e-01, 1.29849792e-01, 2.77749540e-01],\n",
              "       [1.81701859e-01, 4.86014276e-02, 5.15219304e-01, 2.54477410e-01],\n",
              "       [3.00885635e-01, 2.03027061e-01, 4.91002960e-01, 5.08434364e-03],\n",
              "       [8.54501029e-02, 5.18740727e-01, 1.75463176e-01, 2.20345994e-01],\n",
              "       [2.62050874e-02, 1.22414113e-01, 4.01946482e-01, 4.49434317e-01],\n",
              "       [2.29558805e-01, 7.85799150e-02, 2.42286136e-01, 4.49575144e-01],\n",
              "       [2.44913830e-01, 2.57042776e-01, 4.94764586e-01, 3.27880776e-03],\n",
              "       [1.32825967e-01, 1.30718948e-01, 2.56948052e-01, 4.79507033e-01],\n",
              "       [9.12908531e-02, 1.20196680e-01, 5.86468630e-01, 2.02043837e-01],\n",
              "       [1.00529991e-01, 7.11489992e-01, 1.09768840e-04, 1.87870248e-01],\n",
              "       [4.02245680e-01, 1.66958573e-01, 1.48044124e-01, 2.82751623e-01],\n",
              "       [2.82713717e-01, 2.31059893e-02, 2.26419178e-01, 4.67761116e-01],\n",
              "       [3.57339738e-01, 3.54748110e-01, 2.85562149e-01, 2.35000369e-03],\n",
              "       [1.25595717e-01, 4.68658922e-02, 4.49139824e-01, 3.78398566e-01],\n",
              "       [1.08351033e-01, 1.76454025e-01, 5.50921454e-01, 1.64273488e-01],\n",
              "       [4.06203968e-01, 1.77317948e-01, 2.14628216e-01, 2.01849868e-01],\n",
              "       [7.62861750e-01, 4.29608335e-02, 6.67794167e-02, 1.27398000e-01],\n",
              "       [5.21136915e-02, 5.94045331e-01, 1.59475552e-01, 1.94365426e-01],\n",
              "       [1.06908015e-01, 9.92546264e-02, 7.86287718e-03, 7.85974482e-01],\n",
              "       [4.52101696e-02, 2.58831400e-01, 6.30332592e-01, 6.56258385e-02],\n",
              "       [6.35550899e-01, 6.31247445e-02, 2.74309321e-02, 2.73893424e-01],\n",
              "       [1.93869807e-01, 2.57874571e-01, 4.32037410e-01, 1.16218213e-01],\n",
              "       [7.59089353e-02, 3.44123162e-01, 1.44608933e-02, 5.65507009e-01],\n",
              "       [3.06379569e-02, 2.19002285e-02, 5.58277117e-01, 3.89184698e-01],\n",
              "       [4.97507879e-01, 2.36056764e-01, 1.51368951e-01, 1.15066406e-01],\n",
              "       [7.91644523e-01, 7.43259616e-02, 4.15816744e-02, 9.24478406e-02],\n",
              "       [6.41670044e-01, 3.16680075e-01, 3.48403235e-02, 6.80955743e-03],\n",
              "       [3.11453042e-01, 2.48343211e-01, 4.04740752e-01, 3.54629958e-02],\n",
              "       [3.36327326e-01, 3.00879167e-02, 5.79203054e-01, 5.43817033e-02],\n",
              "       [1.73967810e-01, 9.95081333e-02, 9.48883368e-02, 6.31635720e-01],\n",
              "       [2.28587025e-01, 3.55830083e-02, 1.69559401e-01, 5.66270566e-01],\n",
              "       [1.63142280e-01, 3.10642401e-01, 2.73197234e-01, 2.53018084e-01],\n",
              "       [1.69687930e-02, 1.88375941e-01, 2.61311239e-02, 7.68524142e-01],\n",
              "       [1.55850905e-01, 3.36157591e-02, 2.57959176e-03, 8.07953745e-01],\n",
              "       [6.52169381e-02, 1.10258570e-01, 3.49608318e-01, 4.74916173e-01],\n",
              "       [1.11288905e-01, 3.43641969e-01, 1.38843620e-01, 4.06225506e-01],\n",
              "       [2.51941979e-01, 2.19348195e-01, 1.58290422e-01, 3.70419405e-01],\n",
              "       [6.11540772e-02, 4.54530218e-01, 1.23668067e-01, 3.60647638e-01],\n",
              "       [3.95149808e-01, 3.55742720e-01, 9.00175668e-02, 1.59089905e-01],\n",
              "       [1.67318936e-02, 9.29534871e-01, 4.16350458e-02, 1.20981899e-02],\n",
              "       [2.69330801e-01, 1.43194666e-01, 3.12107584e-01, 2.75366950e-01],\n",
              "       [6.49099479e-01, 8.71059169e-02, 2.16418010e-01, 4.73765935e-02],\n",
              "       [5.52105239e-03, 7.27848109e-01, 9.68519593e-02, 1.69778879e-01],\n",
              "       [1.11869326e-01, 2.29987859e-01, 4.63613975e-01, 1.94528841e-01],\n",
              "       [2.40442197e-01, 5.33042792e-01, 1.66044109e-01, 6.04709022e-02],\n",
              "       [1.48187925e-01, 1.69606086e-01, 1.17233651e-01, 5.64972338e-01],\n",
              "       [7.13987774e-01, 5.40953060e-02, 7.36154436e-03, 2.24555375e-01],\n",
              "       [5.68187171e-01, 1.21707481e-02, 9.86801180e-02, 3.20961963e-01],\n",
              "       [1.09376091e-01, 3.05651497e-02, 1.69144959e-01, 6.90913800e-01],\n",
              "       [3.94465148e-01, 1.39477097e-02, 6.71662276e-02, 5.24420915e-01],\n",
              "       [2.06713292e-01, 3.45312755e-01, 2.66918642e-01, 1.81055311e-01],\n",
              "       [1.02753369e-02, 1.25723287e-01, 5.28940617e-01, 3.35060759e-01],\n",
              "       [2.12507462e-01, 6.34742789e-01, 7.87477500e-02, 7.40019986e-02],\n",
              "       [1.93577392e-01, 6.37403009e-02, 2.77413181e-01, 4.65269126e-01],\n",
              "       [2.33620147e-02, 6.35148031e-01, 1.82990240e-01, 1.58499715e-01],\n",
              "       [6.80419640e-01, 2.37120604e-01, 6.95672246e-02, 1.28925306e-02],\n",
              "       [3.87754168e-01, 5.00488071e-01, 5.82046708e-02, 5.35530899e-02],\n",
              "       [2.27221302e-01, 2.19540219e-01, 1.95482742e-01, 3.57755738e-01],\n",
              "       [1.35653531e-01, 4.05357520e-01, 3.00228470e-01, 1.58760479e-01],\n",
              "       [5.94179015e-01, 1.01356566e-02, 3.80556886e-02, 3.57629639e-01],\n",
              "       [5.76947708e-01, 4.15659348e-01, 3.75231325e-03, 3.64063072e-03],\n",
              "       [3.62885191e-01, 3.37263891e-01, 2.33675758e-01, 6.61751602e-02],\n",
              "       [6.28025921e-01, 1.72135505e-01, 1.08944442e-02, 1.88944130e-01],\n",
              "       [1.64582601e-02, 2.16758525e-01, 3.22069140e-02, 7.34576301e-01],\n",
              "       [9.89784467e-03, 2.12044628e-02, 5.42441549e-01, 4.26456143e-01],\n",
              "       [5.65651286e-01, 9.51875576e-02, 1.52416001e-02, 3.23919556e-01],\n",
              "       [1.06004125e-01, 2.02533706e-01, 3.70411831e-01, 3.21050338e-01],\n",
              "       [4.63351403e-01, 7.89268237e-02, 1.89463260e-01, 2.68258513e-01],\n",
              "       [3.08216142e-01, 5.68479571e-01, 6.66956333e-02, 5.66086541e-02],\n",
              "       [7.93886235e-02, 1.46871860e-01, 2.48953077e-02, 7.48844209e-01],\n",
              "       [4.50074719e-01, 1.87065956e-01, 8.72364612e-02, 2.75622864e-01],\n",
              "       [1.66867716e-01, 4.02480587e-01, 3.67351572e-01, 6.33001256e-02],\n",
              "       [4.28969698e-03, 3.38459534e-01, 6.51439176e-02, 5.92106851e-01],\n",
              "       [1.44261171e-02, 4.78271777e-02, 4.88861507e-01, 4.48885198e-01],\n",
              "       [5.49217606e-01, 1.12398078e-02, 7.18490739e-02, 3.67693512e-01],\n",
              "       [3.89627783e-01, 4.05543186e-01, 1.06820154e-01, 9.80088771e-02],\n",
              "       [3.03613382e-02, 1.81140608e-01, 5.41245366e-01, 2.47252688e-01],\n",
              "       [2.99284635e-02, 1.32712292e-01, 5.15043685e-01, 3.22315560e-01],\n",
              "       [1.35084565e-01, 7.27513926e-02, 4.37825007e-01, 3.54339035e-01],\n",
              "       [2.05441781e-01, 1.77194053e-02, 4.29275803e-03, 7.72546056e-01],\n",
              "       [1.49720183e-01, 4.11820272e-01, 1.00312203e-02, 4.28428325e-01],\n",
              "       [6.41671717e-01, 3.19386957e-02, 2.00347999e-01, 1.26041588e-01],\n",
              "       [3.32453845e-01, 1.86038666e-01, 2.65320788e-01, 2.16186702e-01],\n",
              "       [3.80604113e-01, 1.49893820e-01, 3.46960161e-02, 4.34806051e-01],\n",
              "       [8.95427828e-03, 6.33499853e-01, 2.73862367e-03, 3.54807245e-01],\n",
              "       [3.39916005e-01, 1.59417844e-01, 4.15196063e-01, 8.54700875e-02],\n",
              "       [5.13222384e-02, 2.14846981e-02, 1.71955730e-01, 7.55237334e-01],\n",
              "       [3.10440672e-01, 1.37758162e-01, 2.08529035e-01, 3.43272131e-01],\n",
              "       [6.03677814e-01, 9.97575669e-02, 2.65831855e-01, 3.07327641e-02],\n",
              "       [4.74995883e-01, 2.84114090e-01, 4.78440413e-02, 1.93045986e-01],\n",
              "       [1.52893717e-01, 3.43270530e-03, 4.08176528e-01, 4.35497050e-01],\n",
              "       [3.81851449e-02, 7.42916463e-02, 6.92201028e-01, 1.95322180e-01],\n",
              "       [2.27384752e-01, 2.56081405e-02, 1.17918306e-01, 6.29088802e-01],\n",
              "       [2.55738836e-01, 4.15010181e-01, 2.95160183e-01, 3.40908008e-02],\n",
              "       [1.08148071e-03, 8.34737658e-01, 1.37483929e-01, 2.66969323e-02],\n",
              "       [2.01330454e-01, 1.39854691e-01, 2.45596975e-01, 4.13217880e-01],\n",
              "       [1.06165067e-01, 3.73983694e-02, 7.18465083e-01, 1.37971481e-01],\n",
              "       [2.31690587e-02, 2.71106112e-01, 5.25571920e-01, 1.80152910e-01],\n",
              "       [3.21283641e-01, 3.38766989e-01, 2.71099148e-01, 6.88502218e-02],\n",
              "       [3.45155538e-01, 3.00123878e-01, 2.01948871e-01, 1.52771713e-01],\n",
              "       [1.85192673e-01, 2.95513186e-01, 4.99764427e-01, 1.95297141e-02],\n",
              "       [3.16570316e-01, 4.27099614e-01, 1.49756565e-01, 1.06573506e-01],\n",
              "       [2.59379825e-01, 5.50278932e-01, 1.72409127e-01, 1.79321156e-02],\n",
              "       [3.09816709e-01, 5.95740532e-01, 3.64170112e-02, 5.80257476e-02],\n",
              "       [1.24865923e-01, 2.99588206e-01, 2.25290861e-01, 3.50255010e-01],\n",
              "       [4.75814481e-02, 8.14432838e-01, 1.14754859e-01, 2.32308547e-02],\n",
              "       [1.00771430e-01, 4.78650438e-01, 2.99826120e-01, 1.20752013e-01],\n",
              "       [8.66739742e-01, 1.34518078e-02, 1.16639289e-01, 3.16916042e-03],\n",
              "       [2.11338608e-01, 3.58913037e-01, 2.32494054e-01, 1.97254301e-01],\n",
              "       [1.54005125e-01, 3.82546840e-01, 2.15612316e-01, 2.47835719e-01],\n",
              "       [5.09671377e-01, 2.38718112e-01, 2.35311810e-01, 1.62987007e-02],\n",
              "       [7.81829969e-02, 9.40838661e-02, 4.21412611e-01, 4.06320526e-01],\n",
              "       [2.74812091e-01, 2.16917434e-01, 3.49815750e-01, 1.58454725e-01],\n",
              "       [1.39808340e-01, 3.73044961e-01, 4.81818890e-01, 5.32781000e-03],\n",
              "       [3.31089181e-01, 6.40472451e-04, 6.58362080e-01, 9.90826597e-03],\n",
              "       [6.51125428e-01, 3.33132265e-01, 9.87599859e-03, 5.86630918e-03],\n",
              "       [6.56458155e-03, 2.18189771e-01, 3.97857595e-01, 3.77388052e-01],\n",
              "       [3.76447193e-02, 2.59550141e-01, 4.46798540e-01, 2.56006600e-01],\n",
              "       [1.64644240e-01, 4.45417799e-01, 1.66276192e-01, 2.23661769e-01],\n",
              "       [3.69466371e-01, 4.00495085e-01, 1.05981955e-01, 1.24056588e-01],\n",
              "       [4.59042472e-01, 2.38675108e-01, 1.16498256e-01, 1.85784164e-01],\n",
              "       [2.14497107e-01, 3.04257831e-01, 3.85256833e-01, 9.59882283e-02],\n",
              "       [2.24454887e-01, 3.04281003e-01, 2.46077788e-02, 4.46656332e-01],\n",
              "       [4.05172446e-02, 7.49628407e-02, 6.12330829e-01, 2.72189085e-01],\n",
              "       [1.78284833e-01, 6.83490923e-02, 5.86217525e-01, 1.67148549e-01],\n",
              "       [1.20718042e-01, 1.85512873e-01, 6.23342489e-01, 7.04265960e-02],\n",
              "       [1.44726580e-01, 1.51829718e-01, 4.53646443e-01, 2.49797258e-01],\n",
              "       [2.52816762e-01, 7.79370174e-02, 5.74910608e-01, 9.43356124e-02],\n",
              "       [4.56331265e-02, 5.51798880e-01, 1.23725077e-01, 2.78842917e-01],\n",
              "       [3.21660942e-01, 4.95537320e-01, 9.13870023e-02, 9.14147352e-02],\n",
              "       [2.45313205e-01, 2.88927198e-01, 2.69912770e-01, 1.95846826e-01],\n",
              "       [1.92151506e-01, 1.17312383e-01, 4.54369055e-01, 2.36167055e-01],\n",
              "       [2.03798005e-01, 4.45027359e-02, 4.77961148e-01, 2.73738111e-01],\n",
              "       [7.39431407e-01, 1.18838843e-01, 1.79585413e-02, 1.23771209e-01],\n",
              "       [1.53246321e-01, 6.71741500e-01, 1.52034357e-01, 2.29778224e-02],\n",
              "       [4.06215230e-01, 2.83864373e-01, 2.37448005e-01, 7.24723919e-02],\n",
              "       [5.83067371e-01, 2.84194486e-01, 4.03058282e-02, 9.24323151e-02],\n",
              "       [4.12777032e-01, 1.57084088e-01, 3.37513135e-02, 3.96387567e-01],\n",
              "       [3.30765741e-01, 1.89308568e-01, 3.88329891e-01, 9.15958000e-02],\n",
              "       [5.15266919e-01, 2.29773030e-01, 2.50414979e-01, 4.54507202e-03],\n",
              "       [7.31648440e-01, 2.03417068e-01, 2.67796141e-02, 3.81548784e-02],\n",
              "       [7.69415739e-02, 3.94901154e-01, 3.69587841e-02, 4.91198488e-01],\n",
              "       [1.27128352e-01, 2.56761990e-01, 1.27097084e-01, 4.89012574e-01],\n",
              "       [1.70589244e-01, 2.80058026e-01, 3.66095548e-01, 1.83257182e-01],\n",
              "       [1.63071825e-01, 5.04846979e-01, 8.54654415e-02, 2.46615754e-01],\n",
              "       [2.02201722e-01, 5.17673202e-01, 1.85883643e-01, 9.42414333e-02],\n",
              "       [1.54577652e-01, 1.82595122e-02, 6.94673282e-01, 1.32489554e-01],\n",
              "       [4.34585239e-01, 5.04840028e-02, 6.63819084e-02, 4.48548850e-01]])"
            ]
          },
          "metadata": {},
          "execution_count": 11
        }
      ]
    },
    {
      "cell_type": "code",
      "source": [
        "num_producers = 2\n",
        "#This generates all possible combinations of producers given the dimesnsion and number of producers\n",
        "combinations = np.array(np.meshgrid(*[np.arange(user_dimension) for i in range(num_producers)])).T.reshape(-1, num_producers)\n",
        "I = np.eye(user_dimension)\n",
        "print(user_array)\n",
        "print(user_array.sum(axis=0))\n",
        "print('\\n')\n",
        "for combination in combinations:\n",
        "  producer_array = np.zeros((num_producers, user_dimension))\n",
        "  for i in range(num_producers):\n",
        "    producer_array[i] = I[combination[i]]\n",
        "    if eval_position(producer_array, user_array):\n",
        "      print(producer_array)\n",
        "      print('\\n')\n"
      ],
      "metadata": {
        "colab": {
          "base_uri": "https://localhost:8080/"
        },
        "id": "0LMVCo6TFckE",
        "outputId": "425d7a4a-1a18-4ac9-e544-e59a7a48aaa0"
      },
      "execution_count": null,
      "outputs": [
        {
          "output_type": "stream",
          "name": "stdout",
          "text": [
            "[[2.78520093e-01 4.37233165e-01 1.36797447e-01 1.47449294e-01]\n",
            " [2.74486114e-01 6.10023321e-03 3.20636533e-01 3.98777120e-01]\n",
            " [7.06913213e-02 2.84399873e-01 5.08297533e-01 1.36611273e-01]\n",
            " [2.99102441e-03 7.81068425e-02 3.21639645e-01 5.97262488e-01]\n",
            " [8.44599255e-02 8.10816682e-02 6.51022873e-01 1.83435533e-01]\n",
            " [2.33981932e-01 3.82626889e-01 2.50264910e-01 1.33126270e-01]\n",
            " [2.38179182e-01 1.39129902e-01 8.24720520e-02 5.40218864e-01]\n",
            " [2.03944966e-01 1.38636093e-01 7.48471422e-02 5.82571799e-01]\n",
            " [3.45659981e-01 1.97137883e-01 2.37897560e-01 2.19304576e-01]\n",
            " [1.58839389e-01 1.20134492e-01 6.51548708e-01 6.94774109e-02]\n",
            " [5.78851233e-01 8.29525205e-02 7.10482302e-02 2.67148016e-01]\n",
            " [1.25631173e-01 3.12871654e-01 1.07151117e-01 4.54346056e-01]\n",
            " [2.29644001e-01 4.93196173e-01 2.38497159e-01 3.86626676e-02]\n",
            " [7.76646662e-01 9.19104368e-02 7.41558818e-02 5.72870194e-02]\n",
            " [2.24297137e-01 2.38449545e-02 2.05917272e-01 5.45940637e-01]\n",
            " [9.21700145e-02 2.29621207e-01 4.78179593e-01 2.00029185e-01]\n",
            " [1.66863692e-01 3.95262117e-01 1.13872179e-01 3.24002013e-01]\n",
            " [6.00517829e-01 5.72196961e-02 5.99623053e-02 2.82300170e-01]\n",
            " [4.81239317e-02 1.92482431e-01 3.33822974e-01 4.25570664e-01]\n",
            " [1.18927561e-01 1.94994589e-01 3.44096949e-01 3.41980902e-01]\n",
            " [4.93023120e-01 4.22737899e-02 8.74687953e-02 3.77234295e-01]\n",
            " [2.69453302e-01 1.78625410e-01 2.90197329e-01 2.61723959e-01]\n",
            " [1.41726391e-01 1.41797403e-01 6.31494767e-01 8.49814392e-02]\n",
            " [1.45010794e-01 5.05998162e-01 3.27036893e-01 2.19541506e-02]\n",
            " [2.21775793e-01 1.65602522e-02 6.56219620e-01 1.05444335e-01]\n",
            " [2.39209960e-01 1.90679701e-01 5.51502028e-02 5.14960136e-01]\n",
            " [3.46276829e-01 3.85975895e-01 4.39285910e-02 2.23818684e-01]\n",
            " [3.98614465e-01 2.25519735e-01 2.57398607e-01 1.18467193e-01]\n",
            " [3.68792636e-01 5.06722417e-01 7.58523435e-02 4.86326034e-02]\n",
            " [7.86684096e-02 1.33525698e-01 5.23298595e-02 7.35476033e-01]\n",
            " [4.42566294e-02 3.03271912e-01 3.40201122e-01 3.12270336e-01]\n",
            " [4.80441579e-01 5.17396582e-02 6.28637956e-02 4.04954967e-01]\n",
            " [1.79757183e-01 5.06284901e-02 7.12694641e-01 5.69196853e-02]\n",
            " [9.79639504e-02 3.19360347e-01 5.66903542e-01 1.57721604e-02]\n",
            " [8.05109456e-02 1.98747974e-01 5.51393584e-01 1.69347497e-01]\n",
            " [4.38154094e-01 4.94692567e-01 6.46798801e-02 2.47345909e-03]\n",
            " [1.08335087e-01 2.71390832e-01 4.55384656e-01 1.64889425e-01]\n",
            " [4.32321273e-01 2.73724217e-01 6.55202403e-02 2.28434270e-01]\n",
            " [4.43745938e-01 4.80645538e-01 5.94321128e-03 6.96653133e-02]\n",
            " [3.82270103e-01 2.39882858e-01 3.66837936e-01 1.10091038e-02]\n",
            " [6.83108888e-01 1.04181452e-02 5.24628724e-02 2.54010095e-01]\n",
            " [1.78856350e-01 5.07539210e-01 2.63563845e-02 2.87248055e-01]\n",
            " [8.55382559e-01 5.39744213e-03 5.14065337e-02 8.78134656e-02]\n",
            " [6.66894229e-02 1.91021322e-01 6.79479897e-01 6.28093575e-02]\n",
            " [1.41710605e-01 2.83614793e-01 9.00434207e-02 4.84631181e-01]\n",
            " [2.67187452e-01 1.76476899e-01 3.80191802e-02 5.18316469e-01]\n",
            " [4.70451318e-02 3.95312424e-02 3.16282102e-01 5.97141523e-01]\n",
            " [6.76015256e-01 6.17871362e-02 4.76679234e-02 2.14529684e-01]\n",
            " [3.40155395e-01 1.65596929e-01 1.96820734e-01 2.97426942e-01]\n",
            " [3.65469528e-01 1.83853078e-01 1.54438686e-01 2.96238708e-01]\n",
            " [2.05443474e-02 7.18695553e-01 6.19671947e-02 1.98792904e-01]\n",
            " [1.81626128e-01 1.34546913e-01 1.82778780e-02 6.65549082e-01]\n",
            " [5.23391464e-01 1.15240422e-01 1.16919363e-01 2.44448751e-01]\n",
            " [4.66090918e-01 3.61133583e-02 1.47459495e-02 4.83049774e-01]\n",
            " [1.34726499e-01 7.14751269e-02 6.98479419e-01 9.53189548e-02]\n",
            " [6.50321901e-02 1.71976719e-01 7.33077990e-01 2.99131008e-02]\n",
            " [1.80376560e-01 2.93925216e-01 4.92000425e-02 4.76498182e-01]\n",
            " [1.41343627e-01 1.55057497e-02 7.57354414e-01 8.57962089e-02]\n",
            " [2.85740857e-01 4.84281535e-01 7.15268542e-02 1.58450754e-01]\n",
            " [6.86470397e-02 1.52090964e-01 6.52713786e-01 1.26548210e-01]\n",
            " [1.38077965e-01 2.90062713e-01 4.44626359e-01 1.27232962e-01]\n",
            " [1.78943684e-01 1.90830979e-02 4.23512426e-01 3.78460792e-01]\n",
            " [4.60130170e-02 8.67618181e-01 4.05857741e-03 8.23102250e-02]\n",
            " [7.15905492e-02 4.38817569e-01 2.78771151e-01 2.10820731e-01]\n",
            " [7.62383611e-01 5.10506231e-02 1.47830955e-01 3.87348102e-02]\n",
            " [4.13304844e-01 4.49688663e-01 3.17945044e-02 1.05211989e-01]\n",
            " [4.36994999e-01 1.21874403e-01 1.73858121e-01 2.67272476e-01]\n",
            " [3.29717752e-01 3.39372652e-01 1.53315259e-02 3.15578070e-01]\n",
            " [4.91613528e-02 2.30079472e-01 6.72043556e-01 4.87156198e-02]\n",
            " [8.08364890e-01 4.10384291e-02 4.70164692e-02 1.03580212e-01]\n",
            " [1.80131881e-01 2.64747997e-01 5.49838881e-01 5.28124156e-03]\n",
            " [6.20981034e-01 3.17261659e-01 3.65770383e-02 2.51802687e-02]\n",
            " [2.75829380e-01 2.53961583e-01 2.20865698e-01 2.49343340e-01]\n",
            " [8.69463704e-02 8.19931723e-01 2.33426201e-02 6.97792866e-02]\n",
            " [4.28891693e-01 1.69104212e-01 1.47391252e-01 2.54612843e-01]\n",
            " [1.94530804e-01 4.17830560e-01 1.37679563e-01 2.49959073e-01]\n",
            " [1.09299656e-01 3.43737156e-01 3.25374074e-01 2.21589114e-01]\n",
            " [9.01355901e-02 3.96866336e-01 9.76618128e-02 4.15336261e-01]\n",
            " [4.61497912e-02 7.24988122e-01 9.43557436e-02 1.34506343e-01]\n",
            " [6.25240459e-01 4.09429824e-02 3.21103866e-01 1.27126934e-02]\n",
            " [3.38254851e-01 6.31209951e-02 5.87058612e-01 1.15655426e-02]\n",
            " [1.10734948e-02 1.46321098e-01 6.05906777e-01 2.36698630e-01]\n",
            " [2.48749926e-01 1.49605179e-01 1.29738302e-01 4.71906593e-01]\n",
            " [4.14205726e-01 1.12460413e-01 1.61987941e-01 3.11345921e-01]\n",
            " [3.85841628e-01 2.60782637e-01 3.25731736e-01 2.76439994e-02]\n",
            " [2.02671420e-02 6.25046124e-01 3.16529164e-01 3.81575706e-02]\n",
            " [1.68472124e-01 1.61376310e-01 4.09874073e-01 2.60277492e-01]\n",
            " [2.12924141e-01 2.13048515e-01 1.15699066e-01 4.58328279e-01]\n",
            " [1.64376232e-01 8.01227604e-02 4.16327386e-01 3.39173622e-01]\n",
            " [6.83606254e-03 7.10608891e-01 1.67481946e-01 1.15073100e-01]\n",
            " [4.17399740e-02 1.37430007e-01 7.92234353e-01 2.85956656e-02]\n",
            " [1.65766143e-01 4.02350339e-01 7.26423244e-02 3.59241194e-01]\n",
            " [1.18292540e-01 1.30487535e-01 3.97170295e-01 3.54049630e-01]\n",
            " [8.56117609e-02 3.43982352e-02 2.07642042e-01 6.72347962e-01]\n",
            " [4.13380964e-02 2.20307133e-01 7.90179108e-03 7.30452980e-01]\n",
            " [1.37145232e-01 1.75802708e-01 1.56326076e-01 5.30725984e-01]\n",
            " [2.77443432e-01 3.40860821e-01 4.73878816e-02 3.34307866e-01]\n",
            " [3.46825881e-01 3.88470960e-01 1.46057542e-01 1.18645617e-01]\n",
            " [3.15281928e-01 1.49741466e-01 1.50171659e-01 3.84804947e-01]\n",
            " [2.86842955e-01 3.10869145e-01 3.28290105e-02 3.69458890e-01]\n",
            " [5.67270029e-02 7.38151460e-01 7.34907590e-02 1.31630778e-01]\n",
            " [6.27177116e-03 9.56225439e-01 2.63951054e-02 1.11076848e-02]\n",
            " [4.24328498e-01 1.68072170e-01 1.29849792e-01 2.77749540e-01]\n",
            " [1.81701859e-01 4.86014276e-02 5.15219304e-01 2.54477410e-01]\n",
            " [3.00885635e-01 2.03027061e-01 4.91002960e-01 5.08434364e-03]\n",
            " [8.54501029e-02 5.18740727e-01 1.75463176e-01 2.20345994e-01]\n",
            " [2.62050874e-02 1.22414113e-01 4.01946482e-01 4.49434317e-01]\n",
            " [2.29558805e-01 7.85799150e-02 2.42286136e-01 4.49575144e-01]\n",
            " [2.44913830e-01 2.57042776e-01 4.94764586e-01 3.27880776e-03]\n",
            " [1.32825967e-01 1.30718948e-01 2.56948052e-01 4.79507033e-01]\n",
            " [9.12908531e-02 1.20196680e-01 5.86468630e-01 2.02043837e-01]\n",
            " [1.00529991e-01 7.11489992e-01 1.09768840e-04 1.87870248e-01]\n",
            " [4.02245680e-01 1.66958573e-01 1.48044124e-01 2.82751623e-01]\n",
            " [2.82713717e-01 2.31059893e-02 2.26419178e-01 4.67761116e-01]\n",
            " [3.57339738e-01 3.54748110e-01 2.85562149e-01 2.35000369e-03]\n",
            " [1.25595717e-01 4.68658922e-02 4.49139824e-01 3.78398566e-01]\n",
            " [1.08351033e-01 1.76454025e-01 5.50921454e-01 1.64273488e-01]\n",
            " [4.06203968e-01 1.77317948e-01 2.14628216e-01 2.01849868e-01]\n",
            " [7.62861750e-01 4.29608335e-02 6.67794167e-02 1.27398000e-01]\n",
            " [5.21136915e-02 5.94045331e-01 1.59475552e-01 1.94365426e-01]\n",
            " [1.06908015e-01 9.92546264e-02 7.86287718e-03 7.85974482e-01]\n",
            " [4.52101696e-02 2.58831400e-01 6.30332592e-01 6.56258385e-02]\n",
            " [6.35550899e-01 6.31247445e-02 2.74309321e-02 2.73893424e-01]\n",
            " [1.93869807e-01 2.57874571e-01 4.32037410e-01 1.16218213e-01]\n",
            " [7.59089353e-02 3.44123162e-01 1.44608933e-02 5.65507009e-01]\n",
            " [3.06379569e-02 2.19002285e-02 5.58277117e-01 3.89184698e-01]\n",
            " [4.97507879e-01 2.36056764e-01 1.51368951e-01 1.15066406e-01]\n",
            " [7.91644523e-01 7.43259616e-02 4.15816744e-02 9.24478406e-02]\n",
